0.5770258120508883 0.3138371107754676 0.6136753916291564 0.13577902240156414 0.28323341849764017 0.37807134254842845 0.351931019240444 0.6635086671963839 0.21295536833526496 0.7444876727475147 
0.4831833865833818 0.7497316928458416 0.3967987174105124 0.8431240618357254 0.938070560502415 0.9684530682490469 0.8972618481955493 0.4517906048577245 0.9890050849667109 0.29922465181132196 
0.05736080849763636 0.22287519102949294 0.6250999863812685 0.24180199720199613 0.4985967450635229 0.20394368934310347 0.3892802605607306 0.6561173322236357 0.08619035671217823 0.12499246181563317 
0.34326036597569265 0.3645861552292281 0.5140795425603223 0.3550931279500934 0.9637625844862165 0.511773688350869 0.25299751421734107 0.46730345549831453 0.06729714658020236 0.040703916141511254 
0.35201731316524476 0.29310007001210847 0.3110196834960479 0.4156031437716232 0.9872710800849607 0.1962221587358316 0.42362735202355584 0.8976265662471585 0.7111209024455525 0.05069782582285309 
0.08295022521543549 0.26312528581653316 0.07087951947559434 0.06895747244675687 0.2758393878144416 0.8432679443535328 0.6382490150293864 0.1933218400497677 0.05114930273941121 0.1593398382665333 
0.518965801094788 0.2377846478074488 0.8080565336519365 0.22979986654360574 0.09671128381061056 0.3468929539364761 0.649652888083337 0.8331829858804494 0.10616661473634781 0.624660925010493 
0.8756955801125527 0.6251948134941459 0.1271617056229244 0.978835710663617 0.3885933048992203 0.028851455875332443 0.24518775634394963 0.32446671378359304 0.64315153360918 0.24327670617631136 
0.9331136813342548 0.2956127020035101 0.7832961993809484 0.5497754969873422 0.17476669688732605 0.5251534795797775 0.7779400326982597 0.33306128495812903 0.4731078573342511 0.37005636046075085 
0.693351056628775 0.8810219749720772 0.6640535040861769 0.6830796371855357 0.7208284519845579 0.0781673873362092 0.39156405851996023 0.8617791875836046 0.21618574884675568 0.5659089710413213 
0.6904416175657819 0.9418156678118148 0.8014870312260696 0.8070800954237952 0.3703485768077279 0.9439441281120976 0.5296770210824312 0.7626130797433622 0.7978793857071386 0.0326996943592639 
0.21919126665874533 0.5650473836986273 0.23308799351769705 0.299675790075034 0.32832769145509966 0.6565504724088841 0.0926940510401214 0.14542493208833485 0.15810677548369956 0.3483912157859731 
0.38426089651649487 0.3013940640396421 0.7475420021953996 0.654313332451524 0.08395901048609711 0.5069398694060145 0.5566881462080729 0.5520143258995354 0.4150986183104164 0.7363516239370423 
0.9205304870384102 0.5349426019852241 0.8254358063304936 0.6569430057817313 0.30072245679098897 0.4308843564219077 0.9583263336229552 0.6916558866411822 0.5623754411157051 0.9843184150794715 
0.06612217342065896 0.6582528301408554 0.8595493830677087 0.6262759837502587 0.12377570970421203 0.46205741191333016 0.22578809811824352 0.18844949239068165 0.36643715888525075 0.7303345910768578 
0.6349886315574851 0.05755278584530299 0.09690054476358212 0.5937855359566122 0.12308926397720754 0.4114427011274673 0.3870748708384917 0.0442651755298924 0.5425062242474543 0.7302698188853664 
0.732226177991318 0.42771251238752417 0.6589441020527391 0.7339340029339826 0.8075576861010175 0.6674170735781638 0.5941508239434784 0.2613782764839926 0.22376451634230154 0.7551277808833516 
0.06838272222013608 0.37776213521011515 0.581520689467489 0.8961429024520394 0.5027912179983437 0.17231350434670378 0.18442558820749244 0.4494030934200475 0.8046374551079748 0.2926661664963308 
0.485758137299792 0.4647417281875835 0.5771864693831976 0.25074740854923594 0.7164567315389074 0.18683018541472174 0.5713285607352686 0.9307882490902011 0.17006341250219292 0.36898815884057756 
0.427419681549272 0.5317868506878255 0.304941183370366 0.6199118781494879 0.14352909633993594 0.38476286598461074 0.16489373304385035 0.2925060362735692 0.2502269531010026 0.699399015929805 
0.6163867238144416 0.6163882327355961 0.3722405063811719 0.31517354511738715 0.5538907905124079 0.8742671863469528 0.7137524165735271 0.9588449821366359 0.5344360297191434 0.4272787388521423 
0.016810158696899058 0.34315880740892724 0.2682885585123268 0.30549728549462285 0.711260989489737 0.6809030348811793 0.014729830649023778 0.8972217785386766 0.29982192041231137 0.8339479863014359 
0.2102396634585212 0.9942695195820408 0.5033397245392852 0.36866262125520644 0.5909542616039166 0.08039287726721911 0.32899122854868657 0.24710869272693292 0.6620912968086314 0.2860674597279055 
0.018119305098335703 0.7476704500360475 0.6141032741720012 0.8752826472968818 0.7805957265767397 0.47928685379028635 0.6886422922525002 0.4785985536935857 0.3290466846911697 0.030209817372895076 
0.556987969916975 0.5416160174929914 0.48897285480846664 0.8752206893124935 0.48941219043999296 0.6191392775418942 0.5797404091618511 0.6544945687041122 0.9660233973210656 0.2126936322621673 
0.8366155627292992 0.8328098748954363 0.9079539669197897 0.8226932493118152 0.8754595680030023 0.04955876861548203 0.8923248772493402 0.7664370510381567 0.0893974194058097 0.17802114389462342 
